Total DV: 13944.823
 Stage              Epoch               X(m)               Y(m)               Z(m)      VX(m/s)      VY(m/s)      VZ(m/s)    DV(m/s)   TOTAL_DV    ID
     0        19663589.38     135145806366.0     -67793548848.2          1800210.7    12868.870    26506.324       -1.533       0.00       0.00    -2
     1        62568092.68    -353086134855.2      18028056679.8       6980358714.5     2080.372   -15149.887      619.378      10.84      10.84 74927
     2        75121483.86    -258482913526.3    -197153395990.9      -1978301036.2    14219.503   -14199.171     -735.130    3706.61    3717.45 83060
     3        90494421.54      45753398579.9    -283350294114.6     -12145564515.6    22064.325     5262.331     -285.293     158.36    3875.81 82638
     4       102979411.56     267377757497.5    -111557260139.3     -14682061610.5    10435.455    20343.212      327.270     632.95    4508.75 77507
     5       120405655.61     239088241198.3     240145750703.0       -696218997.6   -11590.628    15899.428     1041.123      64.58    4573.33 83142
     6       125183413.12     172437769428.2     307150879590.7        336630621.5   -15430.762    11867.122      216.294    1067.54    5640.87 58217
     7       145189115.34    -172299874246.3     357870626260.3       2930595623.4   -16037.317    -6150.361       78.852      66.26    5707.13 66549
     8       153467664.34    -290448619605.9     283473685328.2       2534227424.7   -12153.424   -11596.666      -70.443     126.93    5834.06 72751
     9       163220390.88    -381178589815.8     146698214289.4       1251890037.6    -5916.373   -15885.018     -147.737     294.07    6128.13 81701
    10       176605935.02    -391826388897.8     -78380434842.7        652629535.7     4603.380   -16767.470      -56.619     164.98    6293.11 83046
    11       185945522.68    -318557083464.3    -224911776318.9       3584328797.5    11384.992   -13867.858      286.913     635.18    6928.28 59210
    12       207918387.01      49652106881.0    -351172990242.2       3631040182.0    19133.022     4440.553     -116.913     236.40    7164.68 60831
    13       220776673.42     263959802321.7    -208675904987.9       -348273339.3    12325.806    16838.168     -331.290     397.28    7561.96 83288
    14       231306312.21     334457703283.9      -4007508554.3       -722316299.3      673.797    20853.470      -23.969     309.94    7871.90 29267
    15       239725841.82     299421839670.1     165344905205.6       -674117593.6    -8724.850    18535.175       15.846      49.22    7921.13 57825
    16       246917693.10     213744382445.8     282145695445.5       -718490508.7   -14664.017    13497.376        1.793      99.23    8020.35 62129
    17       260424192.05     -17811358805.2     389454113556.2      -4632264123.5   -18264.844     1837.354     -233.417     758.02    8778.37 60463
    18       271144740.29    -203208346641.6     363008275103.5      -6138594591.5   -15806.328    -6450.670      -80.389      98.54    8876.91 60741
    19       280705069.58    -333477167041.8     272952893489.1      -8154343760.8   -11232.648   -11933.452     -149.023     229.34    9106.24 82008
    20       283384399.19    -362001960528.2     239141899677.8      -9021594556.6    -9873.716   -13168.151     -304.544     279.48    9385.72 65655
    21       313069591.90    -367827954281.0    -215363479282.2     -10949122474.3     9726.733   -13707.689      214.087      32.05    9417.78 44892
    22       322471138.73    -255534990250.2    -325556623569.1      -8078944077.1    14465.220    -9228.674      383.062     555.55    9973.33 46576
    23       334515853.36     -62984097512.9    -384758276516.3      -1448711254.7    17607.172     -204.482      596.998     786.35   10759.68 75946
    24       340158374.65      37654557315.8    -371814650867.7       1944264209.2    17802.995     4891.817      595.556      43.88   10803.56 73099
    25       344810722.57     118466728773.0    -338857110903.0       5046392326.3    16777.954     9334.335      640.843     101.60   10905.16 83146
    26       364526341.97     307836504932.7       -236833439.9      15540972102.2    -1421.426    22117.580      -10.761     375.84   11281.00 51744
    27       379525084.70     138271241474.0     273226846649.4       6060878337.3   -19066.137    11213.110    -1000.223     309.36   11590.35 55264
    28       396777239.66    -208650843338.5     277255303068.4     -10461101725.3   -17288.778    -9462.956     -804.936      98.32   11688.67 76541
    29       417925879.09    -381425902770.8     -40216451174.7     -21382398516.5     1233.650   -17220.397       -2.486     502.70   12191.37 83354
    30       432173776.45    -276716614152.2    -255073557141.0     -19932416247.2    12874.862   -11831.679      463.693     325.18   12516.55 39256
    31       442566376.20    -107571307731.9    -336651702099.1     -13315853136.9    18698.658    -3229.714      867.142     360.42   12876.97 82229
    32       452195842.77      76684424165.7    -320618977193.7      -7971313243.0    18848.566     7204.853      720.075     669.22   13546.19 53540
    33       471114052.38     291932484237.0      -3577590916.7       7563137152.4     -429.036    22619.669      693.322      21.18   13567.37 82009
    34       474069239.91     284887231909.6      62348268925.0       9349516052.2    -4661.207    21988.685      535.095     377.45   13944.82 69346
    35       490359078.58      51548499880.4     309194680871.5      10600719137.2   -20270.464     5575.210     -365.853       0.00   13944.82 45634
Total DV: 14261.473
 Stage              Epoch               X(m)               Y(m)               Z(m)      VX(m/s)      VY(m/s)      VZ(m/s)    DV(m/s)   TOTAL_DV    ID
     0        18835777.15     122768803775.4     -88751852910.4          3040052.1    16964.685    24020.742       -1.456       0.00       0.00    -2
     1        62562490.21    -353096497364.8      18134730053.2       6984657942.2     2183.019   -15127.248      399.650     316.09     316.09 74927
     2        74979883.01    -260568589101.8    -195130548517.1      -2103546727.6    14070.225   -14307.663     -751.191    3706.30    4022.38 83060
     3        90502366.35      45933012820.0    -283315761649.5     -12136146365.4    22067.567     5273.226     -264.807     141.82    4164.20 82638
     4       102977543.27     267355416539.2    -111593594648.6     -14682595686.2    10437.829    20342.720      325.722     642.55    4806.76 77507
     5       120375392.06     239419256097.6     239655434295.7       -733980542.2   -11567.548    15923.165     1040.864      65.76    4872.51 83142
     6       125192032.71     172300256798.9     307258720683.8        349056924.8   -15428.098    11860.705      225.006    1055.99    5928.50 58217
     7       145195418.00    -172401071634.1     357834911521.5       2936738081.8   -16034.803    -6155.115       78.351      77.38    6005.88 66549
     8       153485329.49    -290655691674.9     283261116053.7       2554725291.1   -12142.298   -11607.940      -68.809     124.23    6130.11 72751
     9       163234692.15    -381237619278.8     146466703392.8       1255847011.1    -5904.082   -15889.199     -149.568     293.68    6423.79 81701
    10       176570299.25    -391982115111.6     -77830497210.6        607143297.5     4573.167   -16776.063      -60.045     165.53    6589.32 83046
    11       185955164.52    -318429657997.0    -225050401706.3       3581010338.1    11394.516   -13857.406      289.937     633.32    7222.64 59210
    12       208121401.73      53550731332.7    -349820145807.4       3739360817.7    19103.805     4686.332     -116.114     237.53    7460.18 60831
    13       220719178.94     263315760911.8    -209595217278.4       -268673589.0    12381.831    16771.355     -341.491     394.63    7854.80 83288
    14       231274991.32     334479463295.2      -4682712725.5       -747602538.2      710.686    20846.303      -33.988     307.93    8162.73 29267
    15       239718531.49     299496570936.6     165207958527.7       -683540045.3    -8721.013    18541.792       17.956      61.94    8224.67 57825
    16       246924723.67     213652574982.0     282246178299.7       -709035493.4   -14668.341    13492.526        4.406      96.96    8321.63 62129
    17       260388306.96     -17183825504.6     389393668677.0      -4613672873.2   -18268.798     1869.028     -234.093     757.73    9079.36 60463
    18       271143694.15    -203193065148.3     363015698086.3      -6139652048.4   -15804.456    -6450.494      -81.608     101.50    9180.86 60741
    19       280704114.95    -333467013942.4     272965182512.9      -8155066492.6   -11233.124   -11932.972     -148.978     227.39    9408.25 82008
    20       283357308.98    -361733434853.6     239511387164.6      -9042509399.1    -9889.077   -13153.057     -315.498     284.97    9693.22 65655
    21       312658066.88    -371904395565.5    -209572980826.5     -11358386773.1     9460.259   -13856.463      202.144      36.04    9729.26 44892
    22       322564033.00    -254260843698.3    -326385829858.5      -8152990078.1    14537.167    -9178.100      407.216     521.88   10251.14 46576
    23       334505327.97     -63166846063.8    -384740054428.9      -1456369966.7    17606.040     -213.153      607.302     812.78   11063.92 75946
    24       340116183.55      36922781969.2    -372009570151.3       1949218762.4    17809.829     4851.173      601.230      46.88   11110.80 73099
    25       344778289.86     117933848262.8    -339131649265.6       5044023169.2    16787.326     9306.985      637.842      93.78   11204.58 83146
    26       364502721.49     307908576739.4       -774533866.1      15515499430.0    -1385.783    22115.065      -11.185     381.20   11585.78 51744
    27       379436087.49     139850385014.6     272087926799.1       6141216838.5   -19023.730    11312.836     -996.060     316.77   11902.55 55264
    28       396736072.67    -207950612160.4     277622769972.1     -10460723832.1   -17307.796    -9422.045     -807.279      98.59   12001.14 76541
    29       418555770.21    -380783311862.9     -50956131501.2     -21015430238.5     1771.949   -17148.303       39.962     476.92   12478.07 83354
    30       432102408.46    -277726018920.6    -254130215894.6     -19881968125.4    12845.078   -11871.343      423.649     375.45   12853.52 39256
    31       442618685.10    -106598686915.5    -336801998925.3     -13394958654.4    18722.133    -3184.450      850.881     342.30   13195.82 82229
    32       452118059.83      75209555029.2    -321242977171.8      -8127145645.1    18869.096     7100.566      719.264     663.48   13859.30 53540
    33       471009931.20     291980296398.7      -6004182851.6       7540741243.3     -263.070    22618.138      705.442      21.65   13880.95 82009
    34       474101108.09     284681386483.8      63033152417.6       9379174972.4    -4743.568    22001.847      522.003     335.98   14216.92 69346
    35       490451287.69      49630689918.6     309780457308.4      10702863923.0   -20287.706     5458.788     -366.416      44.55   14261.47 45634
Total DV: 17147.721
 Stage              Epoch               X(m)               Y(m)               Z(m)      VX(m/s)      VY(m/s)      VZ(m/s)    DV(m/s)   TOTAL_DV    ID
     0        20845699.10     146601274126.8     -34924703469.0           -43855.1     6414.842    28857.924       -1.573       0.00       0.00    -2
     1        45600494.69    -247021126136.6     216731054449.2      -9143628877.6   -13335.349    -9600.556      739.999       0.00       0.00 55310
     2        63086962.55    -376923088682.8     -65546587110.6       1046019020.7      950.793   -17120.408      651.625    3832.50    3832.50 74016
     3        71525199.25    -340245992391.8    -203057156799.5       5200554724.6     7657.506   -14829.749      456.813     324.37    4156.87 64404
     4        80191409.35    -246875178526.3    -312337164713.4       9188164255.4    13337.410   -10069.893      387.802     262.63    4419.50 78556
     5        83335135.64    -201220864680.3    -340475980603.5       9759161443.0    15247.411    -7841.338      149.568     452.07    4871.57 70678
     6       102483423.75     140563894422.1    -334260355182.7       -804919590.1    17105.074     9158.662     -621.676     899.16    5770.73 82170
     7       103817853.84     163075422589.5    -321187391912.4      -1679394152.0    16576.820    10409.564     -652.702      58.76    5829.49 76481
     8       110363921.55     262132623840.8    -234607888834.4      -7886179680.6    12868.370    15825.026     -890.604     560.56    6390.05 82928
     9       135479815.53     278380805258.4     241257397747.1     -14204633639.3   -11333.227    16032.507      270.949     210.67    6600.72 62378
    10       150736442.88      46643675421.4     403110199531.6      -7628209609.9   -17452.506     4555.617      605.744     259.90    6860.62 78602
    11       160120157.11    -117667834591.4     409982425909.2      -5511913126.8   -16987.679    -2746.115      278.767     495.60    7356.22 60162
    12       174355729.64    -325611007514.0     303279915267.1      -1696554575.8   -11707.633   -11373.792      302.328     337.87    7694.09 55115
    13       184122090.80    -410155229284.0     169291203073.9       3724117661.0    -5808.446   -15315.979      540.772     647.54    8341.63 44687
    14       197227308.73    -428900259306.2     -45776630479.9      11088521026.7     3096.304   -16683.668      469.324     134.46    8476.09 83126
    15       204964912.02    -385041794492.9    -172691154595.4      13494625930.8     8356.411   -15522.900      225.525     348.78    8824.88 76821
    16       225780842.26     -91204331281.0    -395287265243.5       6581058743.7    18208.644    -3794.499     -523.925     491.28    9316.16 54356
    17       235816374.86      91904025161.0    -391578827158.1       4051954273.2    17928.729     4429.423     -302.630     518.79    9834.95 74711
    18       244922113.21     242249853866.4    -320328892659.0       1752205463.6    14696.552    11079.778     -276.417     133.39    9968.34 83357
    19       249616976.85     303592126866.2    -262944760016.7        834311471.0    11699.679    13584.002     -201.015     485.55   10453.90 76542
    20       258842062.66     386333822733.6    -120403910019.4        889002354.9     5586.143    17040.281       -2.287     504.07   10957.97 81593
    21       272211567.90     388392651327.2     114128936137.5      -1020100956.5    -5177.448    17060.538     -137.621     186.80   11144.77 74130
    22       279198817.42     332152653531.6     224890547721.2      -6726752541.5   -10564.722    14503.851     -782.113     753.79   11898.56 83272
    23       283174949.69     284966842799.6     278566334770.8      -9714907402.6   -13114.829    12417.696     -715.336       3.76   11902.32 81088
    24       298243238.53      36877111542.6     383624070302.8     -16042318887.5   -18564.051      850.050     -175.225     140.62   12042.95 80799
    25       309571737.55    -164670152060.4     336155712184.2     -12800113021.2   -16398.428    -9201.401      483.795     419.37   12462.31 81313
    26       326039828.56    -348913953170.0      86927251076.8      -3838007300.3    -4234.979   -19261.654      709.881     244.16   12706.47 81682
    27       336208464.77    -340650843666.6    -111735736590.6       -147817857.3     5977.144   -18861.709      383.793     411.67   13118.15 67095
    28       359460120.10     -23075318075.9    -381178584569.8       4850132982.7    18291.090    -2042.471      112.553     677.15   13795.29 81317
    29       383036323.99     338727197193.5    -202007457605.6       4643070376.0     9208.556    15306.680     -145.850      81.67   13876.96 78421
    30       385837675.80     362219851429.2    -156916362278.7       4175528389.7     7313.049    16616.926     -180.015     318.89   14195.85 63893
    31       391670306.41     389908930710.3     -54131606247.9       4149105363.8     2324.422    18185.192      -30.994     372.88   14568.72 19107
    32       399899902.80     380482944742.6      94412620426.2       3057664495.0    -4648.809    17641.217     -163.879     192.51   14761.24 78190
    33       407584012.25     320931349762.1     221701448179.9       2488309691.4   -10695.168    15016.691      -97.241     154.04   14915.27 48817
    34       414251680.79     234597776514.5     310912145821.4       1877560623.4   -14935.694    11258.906     -107.304     264.37   15179.64 53517
    35       422374594.20      99126628095.5     379591547633.0       1552723263.3   -17996.648     5205.075      -55.141     274.69   15454.33 36882
    36       428732509.95     -18664877336.1     396708442670.2       2175916807.9   -18670.867        4.483       84.501     261.62   15715.95 78043
    37       444365490.55    -278811072929.9     303733380098.3       3914270188.0   -13616.153   -11321.157       58.163     317.91   16033.86 17061
    38       459135232.58    -410967488861.4      88111784557.2       4226623760.0    -3878.237   -16837.497      -35.932     108.80   16142.66 74090
    39       475344014.06    -377048226471.7    -181381615319.6       8929574122.0     7950.516   -15262.153      179.424     445.29   16587.95 78290
    40       481856969.67    -311824819435.3    -272541074242.0       9746891368.1    12031.873   -12531.273       68.173      62.80   16650.75 54239
    41       494606654.98    -120950272036.6    -384684900061.8       8772940266.0    17338.918    -4332.891     -193.236     212.61   16863.36 32558
    42       512825541.34     194181275439.6    -325236763176.1        616585887.1    15305.127    10897.818     -521.039     284.36   17147.72 78048
Total DV: 16764.969
 Stage              Epoch               X(m)               Y(m)               Z(m)      VX(m/s)      VY(m/s)      VZ(m/s)    DV(m/s)   TOTAL_DV    ID
     0         1603414.94     -93845766148.8     113501481175.2         -4684692.8   -23449.373   -19106.950        1.284       0.00       0.00    -2
     1        31481795.45     123569963040.4    -302174739582.5      -7998780678.7    14648.783     5866.892     1236.870     139.07     139.07 80043
     2        44072721.20     280868941655.9    -101732706207.3       3418500596.9     5492.321    21016.736      916.138    4629.92    4768.99 60782
     3        51386426.02     281913902764.2      59123427372.9       8080263382.6    -5534.495    21874.799      505.576     228.86    4997.85 83309
     4        60901070.34     166314229874.0     239442556114.8       6212943254.0   -17789.666    14082.794     -383.969     651.31    5649.16 66336
     5        65899394.84      68507152805.6     292951891808.1       3838000264.9   -20865.352     7203.577     -534.367      25.23    5674.39 83094
     6        79960358.26    -217243260722.4     259843129603.9      -6456258238.1   -16998.157   -10336.353     -652.582     381.99    6056.38 66482
     7        82926336.02    -262890473236.9     225758052424.6      -7896394302.4   -14191.104   -12641.642     -449.645     481.27    6537.65 65859
     8        89598188.99    -336403704365.8     127957354553.8      -9800841362.2    -7927.054   -16260.351     -194.577     226.43    6764.08 75929
     9       114908220.77    -240779274183.1    -283787023116.6      -2515047136.6    14137.605   -11098.603      480.470     597.24    7361.32 53658
    10       120642462.93    -147472687466.5    -335570122700.1      -2370227319.6    17638.414    -6591.855       43.777     757.75    8119.08 82499
    11       130633533.97      41404738140.0    -352364707484.1      -2078120936.1    19215.380     3422.125       61.238     109.71    8228.79 77261
    12       140425869.39     215159052100.8    -267413205837.7      -3921774009.6    15222.368    13404.842     -135.296     516.84    8745.63 81351
    13       154795509.60     338039082710.0      -7300132353.3      -4888022616.7      786.204    20609.056       52.259     118.29    8863.92 83191
    14       166746034.74     267286794793.0     223888132096.1      -4269752671.3   -11844.515    16416.407      142.786     255.62    9119.54 42583
    15       190288441.03    -135740684640.8     371004342264.2       1340534415.8   -17607.521    -4239.155      263.321     230.28    9349.82 82565
    16       207419937.96    -366794358458.8     194121958642.5       3379001091.1    -8509.901   -14765.679       72.595     468.60    9818.41 64666
    17       218006694.55    -422032288787.0      19885720740.5       2269917683.5    -1335.928   -17216.864     -130.220     617.89   10436.30 47805
    18       231433660.78    -374720368865.2    -202555711131.5        259970307.5     8165.659   -15053.253     -160.853       7.41   10443.72 55894
    19       248149571.74    -162924637889.2    -388565969095.3      -1429309032.6    16228.848    -6174.997      -87.979      99.35   10543.07 53230
    20       263415308.12      95979247857.9    -395917877848.0       -299418455.9    16810.442     5389.548       84.081     433.05   10976.12 80729
    21       270438496.30     207423742719.5    -340186674481.9        982741363.6    14629.869    10538.563      178.505     164.88   11141.00 66331
    22       275097117.09     271939594815.1    -284810762488.1       1240202318.9    12590.462    13409.488       49.466     449.65   11590.65 66828
    23       284119741.12     360796789358.1    -140590601542.9       3870306334.1     6430.245    17930.194      260.593     453.78   12044.42 15279
    24       288601292.81     381615721461.3     -57443072218.5       4824708891.4     2704.781    18994.388      189.620     123.62   12168.04 48565
    25       291266739.71     385733540574.2      -6642791893.4       5175759958.1      359.686    19131.545      116.106      76.81   12244.85 67447
    26       302339953.62     339520178306.6     195665134179.8       6660474574.5    -8698.080    16652.060       55.656     283.57   12528.42 16854
    27       317354516.98     139254593130.5     380911340890.3       7518223341.5   -16700.549     7219.769      -59.463     143.99   12672.41 60884
    28       339825468.44    -238826891418.8     345457288227.1       3281453664.8   -14430.227    -9615.354     -295.519     261.70   12934.11 49426
    29       359373515.84    -417946708515.7      74712006424.0       7565411034.9    -2762.817   -16852.626      109.690     724.87   13658.98 39986
    30       362880603.36    -424110808058.7      15339823390.2       8491092483.0     -472.075   -17036.230      239.023     338.85   13997.83 82954
    31       382556378.51    -295682087267.8    -289870993463.8      12265558111.2    12923.241   -11979.659      -15.682     187.25   14185.08 79841
    32       406529550.21     109387102167.8    -360926981269.8      12118247147.0    17631.112     7095.178     -368.869     562.60   14747.68 52163
    33       409099993.37     153679176077.3    -339511535261.9      10715429487.4    16778.607     9460.296     -582.163     170.35   14918.03 75761
    34       422785408.25     326314398789.4    -138201598559.1        435425129.8     7107.183    18902.425     -829.756      32.33   14950.36 81831
    35       451493027.25     127043563688.3     344981806200.2     -14930209125.1   -17644.942     8081.572      -46.587     114.14   15064.50 82932
    36       457582511.73      18692346085.9     374853609713.9     -14374928899.3   -18226.638     2045.840      205.352     672.01   15736.51 57468
    37       461449765.29     -49298499951.4     375721476746.5     -12209526224.0   -17454.941    -1563.551      621.537     753.94   16490.45 76334
    38       479864700.47    -309483129416.3     205702171790.9        665943497.3    -8709.429   -15667.158      789.233     128.04   16618.48 81606
    39       509976252.58    -125369160829.2    -282526483819.2      15462711379.0    20381.813    -7252.960     -305.234     146.49   16764.97 59025
Total DV: 18381.558
 Stage              Epoch               X(m)               Y(m)               Z(m)      VX(m/s)      VY(m/s)      VZ(m/s)    DV(m/s)   TOTAL_DV    ID
     0          920194.99     -76967119717.0     125413682309.1         -5513590.2   -25880.799   -15705.911        1.139       0.00       0.00    -2
     1        31880062.70     219322359485.4    -166002555033.4      -3972871711.7     9535.429    15798.689     -652.429       0.00       0.00 80704
     2        45408148.66     247318339720.6     130864132350.9     -10255141699.4    -9253.922    20687.439      -80.827    4771.09    4771.09 69771
     3        52823867.40     143287243811.4     254986305706.2      -8285356066.4   -17818.398    12247.690      455.279     212.34    4983.43 66333
     4        66263584.36    -123803981147.4     294657377968.1      -1293897684.7   -18970.485    -6033.165      641.853     196.40    5179.83 72692
     5        72728705.20    -238966131694.2     234468443459.4      -5197546678.3   -15392.856   -12404.709     -556.986    1575.58    6755.41 60233
     6        77102271.11    -297937520626.7     173336054890.5      -7609264691.6   -11447.228   -15399.411     -501.671     268.00    7023.41 37538
     7        97240756.13    -326212392376.5    -173730367192.4     -11282825341.5     8226.820   -15713.417      121.393      64.49    7087.90 82808
     8       107741073.91    -194250629888.1    -307704314319.9     -12213977092.2    16017.233    -8951.086       83.663     526.15    7614.05 83151
     9       114601989.29     -73810938424.4    -347936916503.2     -11331189964.4    18687.006    -2529.730      244.486      92.96    7707.01 50732
    10       126234770.98     146256041933.4    -309552322433.9     -12519682062.3    17513.992     9475.546      130.189     713.01    8420.02 80697
    11       145428153.37     331261938674.2      14789304198.5      -2886639490.2     -747.587    20657.240      742.621     158.31    8578.33 83390
    12       153194856.04     290959022784.8     170112947525.1       3197366265.6    -9454.057    18353.750      767.440     301.31    8879.64 79538
    13       172397708.13     -16961230058.0     368735671444.2      10541444055.4   -18987.615     1117.949      137.537     243.57    9123.21 67346
    14       186426539.08    -257604119921.5     298308126444.1       9069680566.8   -14241.526   -10438.647     -265.726     145.55    9268.77 71439
    15       188730052.88    -288881292979.2     272427110077.7       8947411314.4   -12893.258   -11926.801      -75.187     247.93    9516.69 70700
    16       212403273.80    -376012387051.5    -123304743111.8      14287223645.6     5936.090   -17094.686     -120.319    1259.30   10775.99 77568
    17       214527506.87    -361959001659.6    -159209246508.9      14215778646.2     7450.010   -16567.301      -66.034     233.62   11009.61 47895
    18       226636538.74    -223789918454.3    -326959894566.9      13128025103.7    14994.405   -10268.777     -268.716     317.50   11327.11 78857
    19       242921017.52      55729547603.3    -385834694996.5       3287809582.7    17883.782     3243.242     -727.954     355.55   11682.66 53312
    20       252969692.87     223136739613.4    -308572337374.6     -10081146083.5    14645.368    11706.990    -1262.595     663.19   12345.85 64425
    21       267306093.32     361162454680.7     -79502840983.5     -23733055402.2     3618.270    18958.136     -586.625      37.08   12382.93 36584
    22       273099946.92     365799098098.2      32223904118.4     -26151889679.3    -2011.532    19322.366     -221.830      41.21   12424.14 81820
    23       277734033.33     345383670961.8     120265297583.0     -26257818520.5    -6605.935    18430.616      140.977     174.88   12599.02 80002
    24       298551026.01      53052724229.8     374448158951.9      -7237070467.6   -18676.145     3767.855     1327.417     217.57   12816.59 33478
    25       301921113.32      -8542027440.6     382689470720.0      -3340360031.7   -18325.945      909.366     1175.057     610.05   13426.63 82228
    26       310140554.47    -154751419366.8     358071870816.8       5101409687.0   -16790.865    -6465.072     1005.770     327.93   13754.57 45709
    27       319154356.53    -291387606034.8     277315648092.1       6452649354.0   -12811.300   -11880.509       92.468    1170.66   14925.23 39961
    28       331780094.63    -400324327455.2      94106398018.1       7980112996.6    -4072.724   -16472.042       27.425     186.65   15111.87 68728
    29       347889090.99    -361188952813.6    -168184129229.9      10260839074.4     8718.758   -14922.129      -18.121     414.69   15526.57 83202
    30       359059527.21    -219090186358.3    -304104654145.2       8482665373.6    16296.532    -8667.668     -281.274      58.53   15585.10 82043
    31       367763686.72     -56297190392.3    -348714895780.8       4558520095.6    20079.106     -919.213     -524.303     542.73   16127.83 54389
    32       383505936.79     237551674467.2    -228633129741.0      -1424273457.8    14478.125    15674.545     -397.007     220.05   16347.87 66540
    33       405359731.02     295288856046.8     197138415565.8      -6851554872.1    -9060.981    17779.674      -41.301       8.77   16356.64 80212
    34       408951822.27     256344802513.7     256551072442.4      -5526555445.7   -12221.364    15328.911      399.450     495.31   16851.95 63508
    35       433358835.28    -144450913192.4     389461788601.9       1296728010.6   -16557.716    -4386.632      315.501     234.84   17086.79 47043
    36       442411403.63    -279817389540.8     323418024729.8       4121309208.7   -13089.663   -10051.848      286.818     121.14   17207.93 53788
    37       456428887.51    -410968151587.1     143236902150.5      10347150179.1    -5086.563   -15234.595      348.200     408.72   17616.66 77036
    38       460941304.11    -427175445262.7      72765228641.3      11705910503.3    -2045.629   -15970.005      259.865      60.11   17676.77 36381
    39       475277961.18    -382852777800.8    -151082795149.5      10110944336.9     8314.754   -14592.046     -251.021     379.57   18056.34 78603
    40       501118850.79      37350943586.0    -330283654369.9        683205899.7    20467.528     5102.631     -526.144     305.46   18361.80 69071
    41       512006081.18     234559626392.9    -205545756012.9      -4669682787.1    14096.518    17296.726     -422.811      19.76   18381.56 79967
Total DV: 16659.698
 Stage              Epoch               X(m)               Y(m)               Z(m)      VX(m/s)      VY(m/s)      VZ(m/s)    DV(m/s)   TOTAL_DV    ID
     0        18943112.33     124562576112.2     -86154251267.8          2883107.1    16457.785    24379.207       -1.468       0.00       0.00    -2
     1        53364428.62    -300616009878.1     260735282821.6      -3619918264.7   -10526.312    -8790.030     1099.155     858.78     858.78 80068
     2        60071411.35    -366946946217.8     169154014894.4      -5775667586.8    -7518.827   -15030.598     -286.675    3913.69    4772.47 80174
     3        66186971.69    -399706072711.7      73038953992.1      -4729477414.5    -2984.475   -16358.619      202.069     478.43    5250.90 80924
     4        69595595.93    -406106620270.0      15672296271.5      -4343006249.6     -514.844   -16947.292      128.468     395.86    5646.76 58840
     5        84308507.26    -329818137052.3    -225421552492.9       1254496480.6    10696.597   -14142.555      390.063     509.77    6156.53 61680
     6        99852868.95     -90270279917.3    -370876152102.5       2165235365.6    18559.535    -3371.802       24.024     469.16    6625.69 81520
     7       113748308.81     169832207230.1    -330981966013.6       2387695853.3    17203.526     9176.874      -26.351     197.09    6822.79 68245
     8       123437541.74     313453608924.9    -213269419388.5       7420619189.9    11566.125    15264.202      449.156     974.66    7797.45 69090
     9       132800827.06     385181201547.8     -53191031892.6       8372338452.3     3677.988    18284.299       12.800     274.94    8072.39 61715
    10       143401459.11     377201452478.9     139286807517.1       8176461973.0    -5088.298    17318.225     -112.547     106.91    8179.30 49352
    11       159430267.91     208920409475.3     363119865568.4       5400422481.5   -14686.656     9484.052     -272.916     217.86    8397.16 81874
    12       176438644.27     -75220939665.0     421593380001.3       6248685985.6   -17043.522    -2695.646      -41.132     539.08    8936.24 22434
    13       180615335.11    -144952549332.0     403488925610.5       5286429144.5   -16266.209    -5779.285     -250.169     240.29    9176.53 53149
    14       196273530.28    -353036174988.4     237907831593.5      -2183437060.3    -9383.262   -14627.363     -481.622     193.94    9370.47 74239
    15       211821312.08    -417001026416.7     -22625614786.6     -10284612213.2     1572.246   -17685.657     -412.205     114.18    9484.65 63716
    16       219805199.73    -382181159771.3    -160107982292.6     -13256472352.0     7295.619   -16368.444     -280.833     217.08    9701.72 83419
    17       237529140.44    -163444162089.8    -375787037121.6     -11735572076.8    16547.254    -6802.051      302.855     417.80   10119.52 75690
    18       241495147.77     -94300729702.2    -396854863159.2     -11535077575.5    17887.528    -3805.123       95.401     457.07   10576.59 55655
    19       258490760.98     206603995526.1    -349235394950.0      -5732864452.6    15853.410     9272.624      477.771     128.79   10705.38 48562
    20       264673933.95     294321328318.3    -279792758869.8      -2773120902.6    12551.260    13100.659      501.895     219.14   10924.52 37165
    21       280866727.92     403381683067.5     -13758666713.4       5824827840.5      504.819    18193.058      481.399     253.98   11178.50 31825
    22       288662562.66     382903959278.6     126970448699.5       7873493751.6    -5728.780    17416.146      205.583     209.22   11387.72 58789
    23       302818935.56     232989209451.0     332810500695.4       7723533542.9   -14740.001    10695.128     -124.265     107.41   11495.13 68165
    24       314126726.11      46480765086.5     405160690607.1       8792965490.8   -17731.172     2086.590       -0.908     432.28   11927.40 63888
    25       332301749.77    -252518920792.3     319894803126.4       3923505327.5   -13634.151   -11205.853     -372.094     370.70   12298.10 83023
    26       339490183.03    -334408981468.5     226784119353.3       2629422971.0    -9175.880   -14812.700     -202.102     452.99   12751.09 79838
    27       344623099.29    -372260375957.1     143783172513.5       -364786586.3    -5462.769   -17080.763     -586.676     487.61   13238.70 80788
    28       357336707.14    -373864730203.5     -84979315864.8      -7033463742.3     5397.371   -17854.993     -453.082      45.52   13284.22 67460
    29       383280852.20       7313417066.2    -352595195578.6      -7867880881.0    20016.360     1021.781      296.841     227.50   13511.72 74685
    30       405975350.84     352077401249.9     -91473157612.8       2690798168.5     6383.518    18659.093      507.852     258.63   13770.35 27136
    31       410451947.72     370272824052.5      -7695565950.1       5286549492.5     1886.961    18929.407      553.466     372.33   14142.68 52915
    32       424025274.22     312482997086.6     232144764998.5      11129878716.0    -9782.126    15194.642      279.247      15.76   14158.44 75593
    33       434564039.76     173889595556.5     359142235888.7      17025868546.4   -15684.508     8428.749      387.275     500.26   14658.70 71252
    34       450297115.77     -94570599197.7     394350389547.2      18329888797.1   -17014.789    -4045.015     -211.015      24.31   14683.01 68956
    35       458039440.31    -216873700617.6     341575566241.6      15086382013.1   -14427.683    -9610.191     -544.696     236.61   14919.61 57625
    36       461799336.76    -266095479829.4     301859709012.9      12738367495.2   -12140.575   -11762.482     -675.957     538.54   15458.15 80492
    37       471066133.74    -349616332670.8     170731119772.2       6381069959.8    -5735.970   -16326.437     -772.238     286.85   15745.00 72015
    38       493215731.65    -240400572654.2    -210979262059.3      -8194759315.7    16290.345   -13492.661     -509.505     267.27   16012.27 77184
    39       502699887.02     -46826197638.6    -290563214483.4     -10878284037.9    23028.577    -2077.118      -44.260     374.19   16386.46 82163
    40       511293839.05     148993480825.4    -251937819003.3     -10380622989.5    20811.075    10818.427      309.644     273.24   16659.70 73126
Total DV: 19728.864
 Stage              Epoch               X(m)               Y(m)               Z(m)      VX(m/s)      VY(m/s)      VZ(m/s)    DV(m/s)   TOTAL_DV    ID
     0          650397.86     -69871402082.7     129458823165.4         -5812277.6   -26706.405   -14272.867        1.075       0.00       0.00    -2
     1        26725172.83     -14429593466.5    -334262866926.0      -7846640673.4    15408.569    -3211.786      551.931       0.00       0.00 70431
     2        30898457.10      61266325672.4    -334097387636.2     -11881079116.7    17881.096     2439.525     -891.148    3325.27    3325.27 81691
     3        39799293.05     211177127197.6    -270848443248.9     -15044970604.2    14447.120    11465.126     -146.955     727.86    4053.14 80281
     4        60435318.87     308826993002.1      84814628939.0      -7430688713.4    -7171.836    18741.432      800.096     198.80    4251.94 65202
     5        78658921.45      17678250652.8     319711392047.3       3398164699.5   -21227.181     2546.952      612.471    1519.50    5771.44 80320
     6        93400082.70    -264581740926.0     236877200857.8       8578529425.7   -14890.027   -12596.885      175.905     355.60    6127.04 64517
     7       111716913.62    -392539965410.9     -59542922848.5       4256830294.7      985.870   -17276.368     -369.847     233.75    6360.79 74832
     8       117052323.75    -372788778122.8    -150657715973.6       -221196897.5     5802.581   -16412.770     -846.409     776.75    7137.55 76979
     9       139537102.44     -88780585183.3    -391308434994.5     -16895058403.4    17218.756    -3101.781     -466.511      79.80    7217.34 68983
    10       152963989.64     148419075912.5    -370014716973.9     -28472249161.4    16684.636     6983.593     -510.552    1094.39    8311.74 83258
    11       155286251.14     185696142504.0    -351562053973.8     -29404268846.9    15631.377     8814.395     -330.710     259.30    8571.04 30204
    12       162123456.29     280436941823.4    -274681060917.8     -30245963944.9    12015.578    13464.742       98.501     193.00    8764.04 40312
    13       182402598.77     362617299907.8      76845768146.3     -15738790679.6    -4995.966    18431.629     1271.192     104.40    8868.44 81847
    14       188679666.54     312925096048.2     187787477422.3      -9355318705.5   -10719.609    16389.499     1114.588     419.21    9287.64 14450
    15       204742224.79      54756291261.9     356553319829.3       9784180501.1   -19522.420     3273.729     1112.527      11.84    9299.48 78177
    16       228815545.76    -330257678460.0     158673665062.5      17943654690.7    -8579.041   -16999.993     -237.786     880.39   10179.87 82259
    17       236667264.68    -376248620439.8      16645932592.8      10989963788.9    -2197.343   -18747.312    -1021.139    1007.21   11187.09 54456
    18       248650007.30    -340986036319.1    -198463147452.5      -2138970933.4     7861.746   -16220.246    -1128.912     179.95   11367.03 64344
    19       265008119.02    -141128141900.6    -388168147830.2     -14243997190.5    15720.771    -6227.326     -572.632     525.98   11893.01 53222
    20       277973489.30      74271215843.4    -405313192613.8     -19241327358.4    16589.767     3655.022     -166.656      41.36   11934.37 56094
    21       292959658.82     291136746126.5    -265750663696.1     -12456695473.0    10961.607    14299.065      687.735     443.11   12377.48 60789
    22       303630440.60     367993164847.0     -85427695899.5      -1728127746.0     2794.698    18760.755     1073.052     274.36   12651.84 70549
    23       311000021.86     364462956116.6      55757543016.2       3928242234.0    -4006.097    19070.672      747.692     355.60   13007.44 60743
    24       315612269.59     341701450160.8     143203365549.5       3508981901.3    -7059.188    18266.730     -113.093    1563.34   14570.78 63761
    25       336903743.40      41767671467.0     391268183598.6       -313957509.6   -18180.155     3332.977     -208.463       1.81   14572.59 41517
    26       340861404.92     -30130263805.3     398264628686.3      -1093372230.9   -18141.775      106.945     -193.451     142.91   14715.50 72023
    27       346017162.68    -121568153340.0     389107890628.1      -1121564007.9   -17265.614    -3805.593        0.287     287.71   15003.21 52221
    28       364135055.96    -367473818684.9     217432936276.5      10001225614.2    -8837.031   -14125.265      510.840     691.92   15695.13 76765
    29       371554715.74    -413503216130.4     106288730943.3      10480026636.2    -3676.349   -15890.186       -0.982     520.70   16215.82 79383
    30       378374928.45    -421769682881.9      -5238306212.9       9996806354.2     1292.339   -16542.436     -131.558      57.03   16272.85 72970
    31       382962354.58    -408431667772.9     -79364535585.2       8913691105.3     4630.317   -15929.885     -274.799     339.47   16612.32 79311
    32       402116934.92    -203561143400.2    -334902501453.4       5284609535.2    16387.935    -8088.862     -325.513     980.44   17592.76 54186
    33       414117127.40      13033055224.0    -374080472681.9       2807663860.2    18919.005     2122.519     -260.458     287.95   17880.71 57817
    34       433077570.45     310568081827.1    -171621305654.3      -4206308044.2     9454.390    17788.725     -315.239     161.83   18042.54 68233
    35       452311292.47     304193916525.4     196581524153.3     -11889253074.1    -9767.838    17068.389     -116.340     318.63   18361.17 83183
    36       462632882.35     164028296055.1     335529787543.1     -11119110123.2   -16526.176     9457.878      232.846     176.08   18537.25 77107
    37       483387983.55    -206503577871.7     329612305614.2        617154798.9   -15823.896    -9137.088      659.292     557.88   19095.13 81981
    38       489625721.70    -294243420313.7     258635102763.5       6884764739.6   -12218.098   -13349.635      971.419     607.77   19702.90 61945
    39       499542535.32    -380072096312.2     103830381732.4      15518841302.8    -4799.658   -17322.327      732.196      25.96   19728.86 81950
Total DV: 17376.584
 Stage              Epoch               X(m)               Y(m)               Z(m)      VX(m/s)      VY(m/s)      VZ(m/s)    DV(m/s)   TOTAL_DV    ID
     0               0.00     -51937229264.3     137574323978.3         -6458179.0   -28361.129   -10645.194        0.908       0.00       0.00    -2
     1        30281514.09      13333567008.5    -359622316178.5      -2508254602.7    14684.517    -1267.402      293.058       0.00       0.00 77859
     2        40775676.89     207177006692.8    -311306850116.9       7033744103.3    16473.222     9263.236      855.867    5032.46    5032.46 49740
     3        45081931.20     273943878675.6    -264670042871.5      10048458618.5    14176.254    12311.279      652.359     289.40    5321.86 72525
     4        52797529.77     362868404193.5    -152860308934.0      11342813186.0     8611.872    16163.823       72.259     417.80    5739.66 53020
     5        65921219.38     407283879301.6      73647358624.6      12567796758.8    -1803.389    17320.380      -67.406     186.17    5925.84 40609
     6        84759385.25     253582602344.5     338894278773.8      14104077420.2   -13508.046     9751.912     -155.527     508.85    6434.68 38475
     7       104882222.37     -72507746906.9     394898318560.6       7190126780.0   -16935.085    -4925.769     -537.847      41.49    6476.17 54909
     8       114515381.63    -224567621105.2     311478862174.8       1892691641.8   -13869.821   -12374.579     -589.719     194.69    6670.86 82986
     9       132063914.68    -353037718528.5       9315408101.0      -8627962922.8      846.095   -20075.737     -463.732      92.66    6763.52 81717
    10       135224550.70    -344090769186.3     -52221743303.0      -9679321995.5     4535.090   -19313.516     -286.818     628.90    7392.41 67683
    11       146884145.56    -219305304266.0    -247279290465.5      -6697829865.9    16239.986   -12841.805      419.014     413.59    7806.00 83190
    12       171421414.27     248092557032.7    -215812415122.9       6107010853.9    14367.592    14902.485      434.953     104.93    7910.93 73732
    13       188936316.24     335136086348.6     111688822567.8      15451661330.6    -4547.465    18878.514      154.599     463.76    8374.70 43128
    14       198966893.98     240203335367.1     278478241522.3      15303350007.9   -13350.668    13476.762     -233.524     471.01    8845.70 57575
    15       208829747.74      82601913246.5     368754159873.7      12699311970.6   -17706.943     4867.717     -436.272     389.61    9235.32 64977
    16       215720813.83     -44220150524.8     378821245140.7       8185346471.4   -18390.434    -1687.987     -736.422     456.36    9691.67 82906
    17       220161736.73    -124505895643.2     362812699792.6       4739158555.1   -17564.225    -5544.631     -807.056      89.25    9780.92 82312
    18       238859141.98    -372436969297.5     148069159309.3     -11987241585.4    -7146.272   -16256.897     -763.153     665.39   10446.31 81489
    19       245346773.92    -400504052926.7      40137472484.4     -12850884837.9    -1723.919   -17144.089      -49.539     713.41   11159.72 81591
    20       258180383.77    -354445541170.5    -179713069187.5      -7024021791.0     8664.138   -15674.469      577.175     690.56   11850.28 61808
    21       272896526.99    -160038225261.3    -348365965599.4        809454883.8    17093.802    -6406.149      563.297     370.05   12220.33 82329
    22       305162206.87     327726264292.6     -86303388157.6       9905841118.8     4570.515    20018.752     -168.726      68.59   12288.92 79989
    23       317099937.85     295374057129.0     154771184859.8       5638003764.6    -9504.840    18563.057     -514.495     382.32   12671.24 81835
    24       329615622.81     112667997990.1     328741341404.7      -3659245072.5   -18440.882     8044.014     -733.421     341.82   13013.06 83289
    25       349199352.41    -250721539568.2     294365558173.9     -11174211333.6   -15287.587   -10238.574     -150.597     505.11   13518.17 77054
    26       357675806.69    -359305939297.2     187238449001.8      -7562348494.9    -9925.027   -14644.325      504.936     527.16   14045.33 48581
    27       379391587.04    -402544384554.9    -164334407100.8       5572873252.3     5688.596   -15396.523      586.476      43.80   14089.13 81131
    28       390599691.77    -301271043490.9    -315093082421.9      11009095427.1    12084.030   -11046.057      401.519      39.14   14128.27 83350
    29       394811941.87    -245797864213.0    -358695065876.3      10213813196.2    14066.511    -9183.056     -224.369     757.49   14885.77 70356
    30       409100421.33      -8954571011.0    -423978065140.3       5678767350.5    17669.501      442.542     -406.947     505.80   15391.57 74977
    31       420216175.49     181876311047.6    -371285537990.1       2798838936.1    15936.920     8774.746     -298.042     279.94   15671.51 51380
    32       430327240.62     320636780552.2    -249108118957.3        101838276.6    10970.139    14990.276     -276.760      87.53   15759.03 82948
    33       445152585.51     403124446506.8      10533043672.1      -3689310735.2     -284.843    18715.574     -218.172      34.52   15793.56 80599
    34       453777466.88     367306519977.3     164770476382.8     -11928662042.4    -7518.719    16879.067     -873.933     933.79   16727.35 50807
    35       465294237.82     236220858849.7     328606595915.5     -20673460795.2   -14704.759    10988.043     -549.362      71.82   16799.18 77569
    36       482776660.30     -61997556476.0     403257688618.1     -29563584033.5   -17777.286    -2535.029      -30.662     493.05   17292.23 43769
    37       492085591.93    -217246539124.4     346584517789.1     -27743753132.4   -15173.523    -9417.221      453.689      84.36   17376.58 82629
Total DV: 16335.086
 Stage              Epoch               X(m)               Y(m)               Z(m)      VX(m/s)      VY(m/s)      VZ(m/s)    DV(m/s)   TOTAL_DV    ID
     0         5149116.70    -146707106402.2      23249373242.7           648880.1    -5152.329   -29547.693        1.593       0.00       0.00    -2
     1        40414375.96     348491648788.7      -4032778266.1      -2311171137.5     -294.088    15068.824     -677.725       0.00       0.00 80734
     2        56730689.33     200783230094.3     257627877813.3     -11223307455.5   -16801.944    10737.674     -289.764    3546.73    3546.73 65563
     3        68826634.78     -40475018043.0     302305673574.3     -10775334934.1   -21031.053    -4333.437      341.886     154.30    3701.03 63815
     4        76055052.84    -183620013242.8     234021693431.6      -6324901111.4   -17317.551   -14137.039      758.274     404.53    4105.55 82550
     5        83271387.72    -281293207003.9     105002450897.3       -611559334.1    -8958.700   -20619.604      838.648     361.81    4467.37 52264
     6        91685384.28    -306206728204.7     -71298792020.7       7591511599.5     2818.723   -20750.432      882.487     654.78    5122.14 29290
     7       111761549.68     -56099730662.3    -347299883381.8      16256391747.2    18176.004    -4300.028      -71.142       7.73    5129.87 72842
     8       123244113.76     146144725172.3    -330493971039.8      11957590316.3    16310.765     7141.106     -601.061     405.86    5535.73 83276
     9       133618262.65     285738766952.5    -210314895774.8       3560431488.2     9776.670    15434.173     -907.186     120.03    5655.76 72665
    10       153366743.68     293331772347.5     166997488181.8     -14456085684.2   -10339.122    17687.155     -605.477    1268.63    6924.39 67066
    11       158403004.05     230258929530.1     248352755058.4     -17179538684.2   -14705.460    14235.099     -399.593     254.53    7178.92 77813
    12       169586767.13      32151478174.0     348142664781.5     -18570943726.1   -19576.664     3090.482      211.809     181.42    7360.33 74997
    13       185232172.84    -247427546842.9     277116631104.7     -10420912115.7   -14481.746   -11396.195      822.430     326.26    7686.59 60308
    14       201986401.91    -382111920924.1      12433969975.2       5854746664.6     -810.121   -18035.563      966.443     237.37    7923.96 81870
    15       220790623.92    -248153819498.5    -288287195871.8      19886738849.0    14165.394   -11546.427      384.601     154.31    8078.27 16136
    16       224531321.93    -190600561064.0    -326368422001.8      21204355632.1    16342.075    -8749.875      257.552     192.62    8270.89 83320
    17       235808427.50      15108278450.7    -369019153999.4      20871495510.9    19034.525     1487.306     -341.129     153.23    8424.13 77846
    18       242759596.59     144447271926.9    -336340156082.8      17933428739.1    17654.774     7963.192     -600.342     315.04    8739.16 83347
    19       258367499.85     344716749719.0    -119660937676.6       4494506080.5     6573.314    18261.316    -1066.358     258.32    8997.48 79236
    20       274568969.01     323819772128.0     182047657706.0     -10941241936.9    -8827.237    16845.364     -824.770     111.98    9109.46 77942
    21       281357928.78     249309478348.3     287269373677.7     -10796666044.7   -13297.603    13370.291      113.041    1021.90   10131.36 51274
    22       286223787.84     178199216183.7     344169834855.1      -8777347780.1   -15761.095     9850.036      468.656     260.73   10392.09 40150
    23       300296664.25     -64987035714.9     402759281320.8       1853047405.4   -17569.053    -1558.658      782.773     208.35   10600.44 50708
    24       312495821.95    -259825742604.7     328945657543.2       8380591866.8   -13746.797   -10123.111      464.277     211.84   10812.28 81679
    25       326049414.53    -395230488827.3     144036101344.1       7789181837.5    -5658.820   -16200.271     -142.622     455.49   11267.77 63371
    26       335171686.14    -420979568687.1     -11117081386.6       7981288649.8      557.567   -17343.193      -43.839     532.26   11800.03 50970
    27       356221150.98    -254495918683.7    -325428136508.0       1756718280.6    14341.963   -10401.440     -375.689     137.01   11937.03 35694
    28       374943760.56      62381039479.1    -393279648252.9      -7995983206.3    17799.923     3800.887     -426.096     275.35   12212.39 72674
    29       387283240.95     256591411632.2    -285798559364.7      -9597454416.8    12987.738    13307.764       -0.069     332.62   12545.01 62161
    30       399262309.20     359274562491.8     -87543947655.2      -7579853233.7     3495.667    18940.364      297.136      53.68   12598.69 81700
    31       413592234.40     305583914103.0     181970370044.5      -7488248959.7   -10701.350    16829.371      168.031     489.18   13087.87 62359
    32       423858011.65     153602637901.9     318675273690.8     -13681434532.1   -18039.433     9008.607     -420.058     931.16   14019.02 81939
    33       446551314.75    -266859039965.8     272782790430.3     -12273473427.6   -14672.290   -11856.071      496.363     102.10   14121.12 70451
    34       458736364.38    -395072313037.0      92913473131.0      -3776329541.2    -5893.548   -16813.076      786.167     219.04   14340.17 74360
    35       470784317.04    -407844109437.6    -110780074790.6       5398706623.9     3465.153   -16447.585      736.269     270.86   14611.03 45266
    36       483176883.82    -316538601213.6    -289285517725.4       9602210879.3    11090.174   -11951.373      251.541     426.40   15037.43 48880
    37       487687545.38    -259709674050.1    -336904960563.5       8750585148.4    13674.601    -9317.220     -223.686     592.11   15629.54 78054
    38       496915790.89    -115616638339.5    -393670315452.0       4551538004.9    17019.902    -2917.233     -506.177     325.22   15954.77 75116
    39       504009672.58       8223684890.9    -393111939022.3       2107310494.5    17698.564     3015.734     -366.264     274.77   16229.53 74965
    40       515587753.18     199835437158.7    -299388524764.2      -1480672275.4    14412.914    13193.729     -304.869     105.55   16335.09 81588
Total DV: 15061.754
 Stage              Epoch               X(m)               Y(m)               Z(m)      VX(m/s)      VY(m/s)      VZ(m/s)    DV(m/s)   TOTAL_DV    ID
     0        18984190.86     125234615423.0     -85150022952.6          2822702.9    16261.764    24513.633       -1.473       0.00       0.00    -2
     1        54904141.83    -307910142513.5     255179427114.1       -394587134.6    -9781.183    -9445.690      135.945     282.91     282.91 75507
     2        67392109.07    -392270677067.2      78080697630.3       6540699682.6    -2000.874   -15978.323      500.331    2610.09    2892.99 82896
     3        76472215.82    -376320837256.0     -76061973416.1      11256237268.0     5688.223   -16713.358      419.285     756.11    3649.11 82348
     4        98550992.48     -54600212916.3    -313720544237.0       8315180427.4    21232.348     -646.795     -526.070     207.74    3856.85 81103
     5       101498837.04       8750591655.3    -309849163054.4       5795888572.8    21568.219     3308.705     -897.114     286.75    4143.60 82483
     6       111801808.58     210333923561.5    -203359698642.9      -5283063975.5    15619.209    16889.888    -1030.856     145.56    4289.16 74194
     7       130185949.49     262411448415.2     170322231283.7     -17920168346.2    -9677.676    18633.302       -4.765     753.61    5042.77 71831
     8       137307368.38     168999452921.7     279802999377.6     -17659595803.1   -15994.451    11906.109      290.627     286.88    5329.65 55974
     9       138566663.63     148539082587.0     294011914461.6     -17215021486.8   -16612.187    10604.308      393.789     141.41    5471.06 64879
    10       147849335.60     -22489915828.4     344796396678.8     -14440410503.9   -19005.812      247.007      544.629     459.13    5930.18 42394
    11       158595725.02    -211925109152.9     287543206850.3      -8764539406.2   -15196.552   -10405.144      705.177     443.06    6373.24 76823
    12       170943802.20    -335676393312.6     106984035109.5       1424776506.0    -4450.538   -17794.238      862.855     432.74    6805.98 63216
    13       176727678.59    -340503160237.9        129237813.3       4989906189.0     2368.469   -18807.724      580.307     655.09    7461.07 82721
    14       183950196.26    -292305489508.6    -131800100813.5       9608385344.8    10941.554   -17034.626      527.118     172.17    7633.24 74555
    15       198130197.16     -36026554746.9    -281073089428.3      15493721176.8    22879.279    -1151.398     -132.435     346.01    7979.26 83254
    16       208160254.21     179435891879.7    -211912712010.8       8292273033.1    17998.770    14580.979    -1068.353     299.12    8278.38 78856
    17       219547524.77     293845694992.3      10758994072.5      -5002086897.2     1378.749    21874.147    -1156.871     110.66    8389.04 83345
    18       257122547.87    -227201608051.6     317814535672.2      -4948299493.6   -14636.284    -8816.208      472.981    1103.87    9492.91 82681
    19       264345932.42    -318655094733.8     236635447411.7      -1695941279.0   -10406.991   -13305.404      472.114     141.17    9634.08 77716
    20       275963742.35    -389274359701.6      56754543155.6       4193904964.4    -1427.574   -16970.051      478.671      56.94    9691.02 59321
    21       285405602.76    -363526706037.9    -102877009134.1       8708409791.5     6917.763   -16338.453      396.733     112.67    9803.69 71256
    22       314252317.39     120325915070.2    -277468377253.4       9343668780.1    19679.451    10364.884     -659.641     220.85   10024.54 64723
    23       326354409.98     283445141147.3     -71297006885.2        553561834.2     5733.090    21813.196     -845.693     420.55   10445.09 65894
    24       335223433.68     273345565719.8     123705627526.7      -6340430034.9    -7620.035    20657.286     -684.248     400.80   10845.88 80715
    25       344637370.26     149016343699.9     279968922675.6     -13930007100.8   -17347.043    11741.391     -563.117     441.16   11287.04 77717
    26       356403889.69     -76111492258.2     335558316093.1     -16630525650.6   -19205.625    -2112.580      109.752      23.80   11310.85 73975
    27       365952518.31    -240919170210.0     271313921335.7     -13131503833.8   -14644.568   -10897.788      570.162      97.74   11408.59 82952
    28       388104700.94    -365997475860.9     -77008582931.7       6426617794.2     4394.611   -17129.801      896.293     168.46   11577.05 74279
    29       402913162.10    -205827926837.4    -285015456478.9      16627706947.3    16507.862    -9277.647      396.650      18.47   11595.51 80746
    30       434711198.62     296281746341.9     -25670655514.0        171505810.9     2153.156    22232.487    -1238.475     117.36   11712.87 71294
    31       452432839.50     134592858814.7     301868570545.3     -15970679889.1   -17402.837    10809.393     -486.191     295.75   12008.62 83255
    32       463265516.89     -65223794158.5     352837339755.3     -16144227429.0   -18531.670    -1095.074      262.499     341.63   12350.25 76239
    33       478797767.46    -302963628837.8     230314689771.8      -3565727061.6   -10796.149   -13486.330      972.917     306.31   12656.56 76928
    34       484030093.46    -351054500325.1     154445137227.0         90124133.0    -7107.433   -15619.187      705.767     757.11   13413.67 83308
    35       496788084.35    -371132251304.4     -58608369697.7       4978089885.6     4222.797   -16896.621      329.858     357.72   13771.39 83189
    36       504305382.94    -315586532742.2    -179787145506.7       6503544794.9    10774.658   -14701.175      142.066     358.42   14129.81 83418
    37       522214419.49      -3845025262.8    -322770349687.4      -4812344805.1    21063.973     1597.983     -592.802     931.95   15061.75 49892
Total DV: 16142.227
 Stage              Epoch               X(m)               Y(m)               Z(m)      VX(m/s)      VY(m/s)      VZ(m/s)    DV(m/s)   TOTAL_DV    ID
     0         2862406.65    -119979669806.6      85999249939.3         -2932915.7   -17845.455   -24337.033        1.484       0.00       0.00    -2
     1        33651756.20     223890211485.1    -303460906886.9      -1910366519.2    12866.377     6320.454      208.578       0.00       0.00 61229
     2        48137569.19     382926253737.4    -141988021067.0      -1098996846.4     5927.570    14210.866       77.357    2791.10    2791.10 57025
     3        63050102.59     388637264059.9      85808979862.3      -2389536143.4    -5588.161    15118.660      -56.264     323.95    3115.05 67174
     4        77928934.31     225803233376.1     282526570296.5       1529152245.4   -16372.068     8946.254      258.170    1322.10    4437.15 46651
     5        97037382.82    -147793457053.5     260807912152.5       6928605098.9   -18254.069   -13104.765       49.565     213.80    4650.95 81330
     6       105556877.81    -265625084868.2     110782146695.4       8031074830.1    -8436.925   -21432.146      -53.105     422.94    5073.89 82868
     7       128781920.20     -87312420146.6    -318686493059.5      -1685868196.2    18545.786    -8268.631     -567.229      17.24    5091.14 26708
     8       152287615.45     307063852605.3    -232422355611.4     -17823149948.7    11180.044    13020.190     -271.856     423.28    5514.42 78390
     9       158799420.37     367618133492.8    -136969198435.1     -22147282493.8     6765.257    15893.186     -513.054     782.71    6297.14 79061
    10       169131296.37     398417242486.1      37041966601.6     -30311299227.2    -1278.128    17083.089     -487.809     718.81    7015.95 42657
    11       182985286.23     307906303876.1     254897899631.7     -31839416778.3   -11474.261    13075.486      347.058     287.52    7303.47 81762
    12       194749517.50     136510105420.2     371843859589.5     -24037224495.2   -17018.075     5738.171      999.819     549.04    7852.51 57128
    13       201145491.39      23353117774.1     391834541604.2     -16752983838.1   -18117.327      438.728     1272.635      11.99    7864.50 80309
    14       219663580.31    -275555904834.1     254212002196.5       4881364411.8   -11966.808   -14567.440     1224.148     347.15    8211.65 63312
    15       228254502.56    -353875211122.9     111890347152.7      11468028452.1    -5440.891   -18354.390      662.745     694.29    8905.94 83247
    16       239285900.70    -358298058547.5     -94780626546.3      15588448574.4     4853.346   -18363.974      164.399     321.34    9227.28 78627
    17       247024979.21    -294441077707.2    -225363006198.2      16304177990.5    11467.167   -15024.088      -71.085     124.52    9351.80 43727
    18       267272209.13      47465268161.4    -365936482558.1      10338255370.4    18958.000     2378.542     -658.714     351.40    9703.19 54394
    19       275383348.86     194026163637.5    -312265443158.3       8159746829.3    16479.918    10237.167     -366.029     682.60   10385.79 71839
    20       282099411.00     291037722157.2    -226171731385.6       5264233198.9    12112.517    15119.745     -487.378      22.32   10408.12 82762
    21       305411933.52     341643540295.2     187108583006.6      -4977271946.2    -7970.704    16511.720     -398.501     373.90   10782.02 69829
    22       310266438.24     294221734506.1     261495226081.6      -6320946809.5   -11430.035    14056.143     -245.344     106.79   10888.81 20375
    23       324329693.38      83176852190.2     399219520770.7     -10842448894.0   -17304.343     4603.631     -184.530     497.95   11386.76 47373
    24       340799539.65    -200607718921.3     372356947051.1     -11115821789.4   -15630.846    -7575.390      155.078     128.92   11515.68 74062
    25       345252595.52    -266167221381.9     332659668561.1      -9909279835.6   -13780.931   -10248.256      310.705     102.92   11618.60 31824
    26       353864895.54    -365262943449.2     226281143232.6      -6521959473.0    -9075.425   -14270.618      449.403     113.46   11732.06 45578
    27       371704490.15    -428283252115.0     -62807675637.0       5224497912.9     2672.880   -16745.922      639.671     433.16   12165.22 80340
    28       384618535.93    -338477376823.2    -259871133470.9      12285533179.0    11032.679   -13111.174      436.870      96.02   12261.24 77722
    29       388144365.97    -296458142142.4    -305298485370.7      14032140998.1    12857.664   -12005.482      454.645     618.82   12880.06 11517
    30       401296157.98     -92482106738.8    -410685344275.1      17652010435.7    17413.751    -3567.461       80.546      13.92   12893.98 76648
    31       432125491.81     352891088350.7    -180107640976.2      12291830031.8     7262.959    16778.346     -680.862     669.88   13563.86 78668
    32       438503689.74     383493922214.5     -65848918807.6       9743541675.2     2145.693    18650.680     -474.748     396.31   13960.17 82958
    33       444038168.25     381853948670.4      38386377309.8       6869266115.0    -2761.299    18809.328     -569.768      18.47   13978.63 74690
    34       464212257.44     152807141753.5     333823630706.7      -7267837401.8   -17973.756     7924.484     -629.417     406.19   14384.82 76622
    35       472053730.88       2430046792.1     365267628503.4      -8372027603.5   -19746.572      179.785      -54.411     471.58   14856.40 83287
    36       490023868.89    -299339616234.8     220579920038.8      -6205844147.0   -11802.555   -14990.344      298.838     336.80   15193.21 83339
    37       491771118.07    -318346620793.5     193482666352.7      -5423464889.1   -10177.017   -15963.699      460.554     275.39   15468.60 82857
    38       505535025.81    -367463234560.9     -55119238786.3       8167539998.0     2918.300   -18598.098      921.457     673.63   16142.23 69119
Total DV: 26167.447
 Stage              Epoch               X(m)               Y(m)               Z(m)      VX(m/s)      VY(m/s)      VZ(m/s)    DV(m/s)   TOTAL_DV    ID
     0       142853760.00      50979673831.1    -143280741513.6          2144020.0    27580.303     9873.562       -0.186       0.00       0.00    -3
     1       147627360.00     144318270036.4     -52314783194.9        301908514.8     9039.447    26882.050       44.164       0.00       0.00  1057
     2       153658080.00      96155296789.2     106300714699.3       1255123702.9   -24027.269    18771.640       24.864     246.81     246.81  1125
     3       159317280.00     -73014832145.7     117542032440.9       1151800357.8   -27576.589   -16481.281     -211.274     638.55     885.36  1328
     4       168562080.00     -91208587605.3    -123518531617.7      -1310437626.3    22197.032   -18442.654     -174.320     164.72    1050.08  1181
     5       178117920.00     137610343677.3     -74220748458.7        724245208.1    12383.280    25565.903      220.208     276.51    1326.60   937
     6       181133280.00     151841401109.8      11298288721.1        940447214.7    -3620.717    29332.668       22.458     384.14    1710.73  1077
     7       189972000.00     -47075761362.3     139501626735.1       -315365052.7   -29294.902    -9185.161     -180.276     167.89    1878.62  1289
     8       199061280.00    -132286609194.6     -75797921131.2        -84592382.3    14596.138   -25047.403       66.584     795.52    2674.14  1000
     9       202456800.00     -58109642419.6    -139150649612.9         14862118.8    27436.124   -10725.028       30.541     156.72    2830.86   601
    10       207061920.00      75648076068.3    -128429091313.9       1867077325.9    26084.775    15367.548      280.308     644.57    3475.42  1376
    11       215745120.00     118195322552.1      95377993025.2        696066166.0   -18256.088    23103.525     -391.382     337.40    3812.82  1253
    12       221464800.00     -32855661143.8     151470034322.5      -1586576812.1   -28758.479    -5530.116     -307.718     433.97    4246.79   954
    13       230009760.00    -155839197414.0     -31989338266.4       -581718666.9     5739.370   -27914.334      290.612     212.56    4459.35  1090
    14       235332000.00     -62175215743.8    -144323155771.4        871325829.0    26750.836   -10812.357      236.596      28.25    4487.60  1022
    15       245397600.00     153656256022.7      -8454420141.2        760431550.5     1891.782    29627.693     -227.903     230.34    4717.93   752
    16       248680800.00     132089481510.9      82373824723.1      -1024634808.8   -14964.074    24560.721     -518.484     830.88    5548.82   151
    17       253398240.00      21525787383.1     154867258095.4      -2084542887.2   -28653.200     3955.158      -73.603     340.15    5888.96   958
    18       264016800.00    -144294189089.9     -43799146906.1        331899400.3     9369.262   -28298.332      405.700     209.24    6098.20  1337
    19       270781920.00      14694549866.8    -151329551970.8       4306435650.5    30087.011     1721.129      137.276     736.09    6834.29  1365
    20       277426080.00     160517289815.1     -39195287487.6       1349023100.6     8781.741    26739.021     -743.958     408.04    7242.33   800
    21       286135200.00      79652477467.7     156944871502.0      -8146847081.8   -23468.281    11443.515     -482.771     770.55    8012.88  1356
    22       293738400.00    -107482607067.5     121112760362.1      -3313437061.7   -19149.776   -20936.907     1236.828     428.78    8441.67  1245
    23       301039200.00    -116990459888.5     -81962029956.4       4911672208.6    19373.401   -25358.558      737.821     176.52    8618.19  1329
    24       304711200.00     -17583345682.1    -140591226580.2       4627914139.8    31756.332    -4971.916     -507.831     462.77    9080.96   666
    25       309152160.00     112299284337.9    -102606846589.7        333909497.6    22742.558    19997.146    -1150.603     226.98    9307.93   926
    26       314690400.00     165591440856.1      40312058660.4      -6491694158.3    -3569.158    26865.362     -870.966     299.55    9607.49   735
    27       326052000.00     -54057215208.9     169109125759.1      -5925238424.6   -24145.011    -9691.020     1114.850     232.17    9839.66  1083
    28       334787040.00    -150705095531.1     -32202190283.7       4750454717.5     8812.736   -28932.821     1023.554     267.84   10107.50   234
    29       338268960.00     -87955273924.6    -118615704093.1       7958824860.4    25883.186   -18323.705      423.500     451.41   10558.91   815
    30       348308640.00     169554218226.7     -47233755516.5      -1298090540.7    11278.832    24860.124    -1511.804     450.18   11009.08   987
    31       350710560.00     183618716682.3      15472233568.6      -3019784619.8     1041.067    26268.206     -651.363    1028.63   12037.71   132
    32       353147040.00     175630510213.4      78259335265.1      -3869163277.7    -7545.186    24410.766     -262.997     498.72   12536.43   833
    33       361035360.00      40727077485.1     197841444217.1      -1746237372.2   -23315.202     4172.916      444.835     586.50   13122.93   222
    34       362737440.00        479457691.9     200064431786.7      -1059624453.6   -23839.997    -1484.446      421.423     137.52   13260.45   939
    35       368284320.00    -117073615231.8     141478623094.7       3265214514.7   -16766.873   -19552.354      675.244     676.89   13937.34  1293
    36       376241760.00    -126527364979.5     -73009608077.7       3485675627.1    18988.875   -26138.961     -530.215     276.43   14213.77   709
    37       381780000.00      33606700621.7    -139145552587.0      -3312806328.0    32258.222     5288.198    -1089.309     579.97   14793.74  1238
    38       385668000.00     136362601758.7     -79146657214.1      -5681263113.3    18730.132    23208.502     -235.527     188.88   14982.62  1379
    39       392234400.00     161487396981.0      89320978600.0      -3295663892.9    -9574.705    23318.719      731.954     201.85   15184.47   248
    40       399492000.00      30176578274.5     183068949203.2        213615495.3   -23978.317     1089.939      560.908    1165.53   16350.00  1118
    41       406464480.00    -122335721327.8      94027933526.1        711194476.1   -13413.634   -26664.957        8.239     732.12   17082.11   475
    42       413307360.00     -75605537318.0    -108699841310.3      -1347684745.8    27848.756   -20451.699     -151.687     465.78   17547.89   651
    43       418586400.00      83161245466.7    -120796107563.0        951835211.2    26574.893    14274.856      420.878    1492.97   19040.86   970
    44       423260640.00     158018976806.0     -15078913948.8       2926292001.8     4320.147    27303.013      224.447     243.08   19283.95   743
    45       428245920.00     118619120450.3     110294096249.0       4462509712.7   -18929.279    19552.212      -19.910     422.51   19706.45  1100
    46       434950560.00     -55324480643.9     139629557370.1       1932506406.3   -26381.606   -13334.798     -757.309     154.60   19861.05   555
    47       439158240.00    -130539088384.4      35634601574.0       1930576680.1    -6188.640   -32375.441     -213.295    1599.17   21460.23  1385
    48       443115360.00     -98660336934.3     -88666924368.5       2848672595.9    21492.739   -25751.483      -78.842     725.78   22186.01  1173
    49       452584800.00     147606988401.7     -66846831457.4      -1596492632.0    13759.875    23811.691     -550.214    3981.44   26167.45   366
Total DV: 26167.447   Mass: 616.325
 Stage              Epoch               X(m)               Y(m)               Z(m)      VX(m/s)      VY(m/s)      VZ(m/s)    DV(m/s)   TOTAL_DV    ID
     0       142853760.00      50979673831.1    -143280741513.6          2144020.0    27580.303     9873.562       -0.186       0.00       0.00    -3
     1       147627360.00     144318270036.4     -52314783194.9        301908514.8     9039.447    26882.050       44.164       0.00       0.00  1057
     2       153658080.00      96155296789.2     106300714699.3       1255123702.9   -24027.269    18771.640       24.864     246.81     246.81  1125
     3       159317280.00     -73014832145.7     117542032440.9       1151800357.8   -27576.589   -16481.281     -211.274     638.55     885.36  1328
     4       168562080.00     -91208587605.3    -123518531617.7      -1310437626.3    22197.032   -18442.654     -174.320     164.72    1050.08  1181
     5       178117920.00     137610343677.3     -74220748458.7        724245208.1    12383.280    25565.903      220.208     276.51    1326.60   937
     6       181133280.00     151841401109.8      11298288721.1        940447214.7    -3620.717    29332.668       22.458     384.14    1710.73  1077
     7       189972000.00     -47075761362.3     139501626735.1       -315365052.7   -29294.902    -9185.161     -180.276     167.89    1878.62  1289
     8       199061280.00    -132286609194.6     -75797921131.2        -84592382.3    14596.138   -25047.403       66.584     795.52    2674.14  1000
     9       202456800.00     -58109642419.6    -139150649612.9         14862118.8    27436.124   -10725.028       30.541     156.72    2830.86   601
    10       207061920.00      75648076068.3    -128429091313.9       1867077325.9    26084.775    15367.548      280.308     644.57    3475.42  1376
    11       215745120.00     118195322552.1      95377993025.2        696066166.0   -18256.088    23103.525     -391.382     337.40    3812.82  1253
    12       221464800.00     -32855661143.8     151470034322.5      -1586576812.1   -28758.479    -5530.116     -307.718     433.97    4246.79   954
    13       230009760.00    -155839197414.0     -31989338266.4       -581718666.9     5739.370   -27914.334      290.612     212.56    4459.35  1090
    14       235332000.00     -62175215743.8    -144323155771.4        871325829.0    26750.836   -10812.357      236.596      28.25    4487.60  1022
    15       245397600.00     153656256022.7      -8454420141.2        760431550.5     1891.782    29627.693     -227.903     230.34    4717.93   752
    16       248680800.00     132089481510.9      82373824723.1      -1024634808.8   -14964.074    24560.721     -518.484     830.88    5548.82   151
    17       253398240.00      21525787383.1     154867258095.4      -2084542887.2   -28653.200     3955.158      -73.603     340.15    5888.96   958
    18       264016800.00    -144294189089.9     -43799146906.1        331899400.3     9369.262   -28298.332      405.700     209.24    6098.20  1337
    19       270781920.00      14694549866.8    -151329551970.8       4306435650.5    30087.011     1721.129      137.276     736.09    6834.29  1365
    20       277426080.00     160517289815.1     -39195287487.6       1349023100.6     8781.741    26739.021     -743.958     408.04    7242.33   800
    21       286135200.00      79652477467.7     156944871502.0      -8146847081.8   -23468.281    11443.515     -482.771     770.55    8012.88  1356
    22       293738400.00    -107482607067.5     121112760362.1      -3313437061.7   -19149.776   -20936.907     1236.828     428.78    8441.67  1245
    23       301039200.00    -116990459888.5     -81962029956.4       4911672208.6    19373.401   -25358.558      737.821     176.52    8618.19  1329
    24       304711200.00     -17583345682.1    -140591226580.2       4627914139.8    31756.332    -4971.916     -507.831     462.77    9080.96   666
    25       309152160.00     112299284337.9    -102606846589.7        333909497.6    22742.558    19997.146    -1150.603     226.98    9307.93   926
    26       314690400.00     165591440856.1      40312058660.4      -6491694158.3    -3569.158    26865.362     -870.966     299.55    9607.49   735
    27       326052000.00     -54057215208.9     169109125759.1      -5925238424.6   -24145.011    -9691.020     1114.850     232.17    9839.66  1083
    28       334787040.00    -150705095531.1     -32202190283.7       4750454717.5     8812.736   -28932.821     1023.554     267.84   10107.50   234
    29       338268960.00     -87955273924.6    -118615704093.1       7958824860.4    25883.186   -18323.705      423.500     451.41   10558.91   815
    30       348308640.00     169554218226.7     -47233755516.5      -1298090540.7    11278.832    24860.124    -1511.804     450.18   11009.08   987
    31       350710560.00     183618716682.3      15472233568.6      -3019784619.8     1041.067    26268.206     -651.363    1028.63   12037.71   132
    32       353147040.00     175630510213.4      78259335265.1      -3869163277.7    -7545.186    24410.766     -262.997     498.72   12536.43   833
    33       361035360.00      40727077485.1     197841444217.1      -1746237372.2   -23315.202     4172.916      444.835     586.50   13122.93   222
    34       362737440.00        479457691.9     200064431786.7      -1059624453.6   -23839.997    -1484.446      421.423     137.52   13260.45   939
    35       368284320.00    -117073615231.8     141478623094.7       3265214514.7   -16766.873   -19552.354      675.244     676.89   13937.34  1293
    36       376241760.00    -126527364979.5     -73009608077.7       3485675627.1    18988.875   -26138.961     -530.215     276.43   14213.77   709
    37       381780000.00      33606700621.7    -139145552587.0      -3312806328.0    32258.222     5288.198    -1089.309     579.97   14793.74  1238
    38       385668000.00     136362601758.7     -79146657214.1      -5681263113.3    18730.132    23208.502     -235.527     188.88   14982.62  1379
    39       392234400.00     161487396981.0      89320978600.0      -3295663892.9    -9574.705    23318.719      731.954     201.85   15184.47   248
    40       399492000.00      30176578274.5     183068949203.2        213615495.3   -23978.317     1089.939      560.908    1165.53   16350.00  1118
    41       406464480.00    -122335721327.8      94027933526.1        711194476.1   -13413.634   -26664.957        8.239     732.12   17082.11   475
    42       413307360.00     -75605537318.0    -108699841310.3      -1347684745.8    27848.756   -20451.699     -151.687     465.78   17547.89   651
    43       418586400.00      83161245466.7    -120796107563.0        951835211.2    26574.893    14274.856      420.878    1492.97   19040.86   970
    44       423260640.00     158018976806.0     -15078913948.8       2926292001.8     4320.147    27303.013      224.447     243.08   19283.95   743
    45       428245920.00     118619120450.3     110294096249.0       4462509712.7   -18929.279    19552.212      -19.910     422.51   19706.45  1100
    46       434950560.00     -55324480643.9     139629557370.1       1932506406.3   -26381.606   -13334.798     -757.309     154.60   19861.05   555
    47       439158240.00    -130539088384.4      35634601574.0       1930576680.1    -6188.640   -32375.441     -213.295    1599.17   21460.23  1385
    48       443115360.00     -98660336934.3     -88666924368.5       2848672595.9    21492.739   -25751.483      -78.842     725.78   22186.01  1173
    49       452584800.00     147606988401.7     -66846831457.4      -1596492632.0    13759.875    23811.691     -550.214    3981.44   26167.45   366
Total DV: 26167.447   Mass: 616.325
 Stage              Epoch               X(m)               Y(m)               Z(m)      VX(m/s)      VY(m/s)      VZ(m/s)    DV(m/s)   TOTAL_DV   MASS(kg)    ID
     0       142853760.00      50979673831.1    -143280741513.6          2144020.0    27580.303     9873.562       -0.186       0.00       0.00    1500.00    -3
     1       147627360.00     144318270036.4     -52314783194.9        301908514.8     9039.447    26882.050       44.164       0.00       0.00    1500.00  1057
     2       153658080.00      96155296789.2     106300714699.3       1255123702.9   -24027.269    18771.640       24.864     246.81     246.81    1487.47  1125
     3       159317280.00     -73014832145.7     117542032440.9       1151800357.8   -27576.589   -16481.281     -211.274     638.55     885.36    1455.53  1328
     4       168562080.00     -91208587605.3    -123518531617.7      -1310437626.3    22197.032   -18442.654     -174.320     164.72    1050.08    1447.40  1181
     5       178117920.00     137610343677.3     -74220748458.7        724245208.1    12383.280    25565.903      220.208     276.51    1326.60    1433.86   937
     6       181133280.00     151841401109.8      11298288721.1        940447214.7    -3620.717    29332.668       22.458     384.14    1710.73    1415.26  1077
     7       189972000.00     -47075761362.3     139501626735.1       -315365052.7   -29294.902    -9185.161     -180.276     167.89    1878.62    1407.21  1289
     8       199061280.00    -132286609194.6     -75797921131.2        -84592382.3    14596.138   -25047.403       66.584     795.52    2674.14    1369.67  1000
     9       202456800.00     -58109642419.6    -139150649612.9         14862118.8    27436.124   -10725.028       30.541     156.72    2830.86    1362.39   601
    10       207061920.00      75648076068.3    -128429091313.9       1867077325.9    26084.775    15367.548      280.308     644.57    3475.42    1332.87  1376
    11       215745120.00     118195322552.1      95377993025.2        696066166.0   -18256.088    23103.525     -391.382     337.40    3812.82    1317.67  1253
    12       221464800.00     -32855661143.8     151470034322.5      -1586576812.1   -28758.479    -5530.116     -307.718     433.97    4246.79    1298.38   954
    13       230009760.00    -155839197414.0     -31989338266.4       -581718666.9     5739.370   -27914.334      290.612     212.56    4459.35    1289.03  1090
    14       235332000.00     -62175215743.8    -144323155771.4        871325829.0    26750.836   -10812.357      236.596      28.25    4487.60    1287.79  1022
    15       245397600.00     153656256022.7      -8454420141.2        760431550.5     1891.782    29627.693     -227.903     230.34    4717.93    1277.75   752
    16       248680800.00     132089481510.9      82373824723.1      -1024634808.8   -14964.074    24560.721     -518.484     830.88    5548.82    1242.17   151
    17       253398240.00      21525787383.1     154867258095.4      -2084542887.2   -28653.200     3955.158      -73.603     340.15    5888.96    1227.89   958
    18       264016800.00    -144294189089.9     -43799146906.1        331899400.3     9369.262   -28298.332      405.700     209.24    6098.20    1219.19  1337
    19       270781920.00      14694549866.8    -151329551970.8       4306435650.5    30087.011     1721.129      137.276     736.09    6834.29    1189.06  1365
    20       277426080.00     160517289815.1     -39195287487.6       1349023100.6     8781.741    26739.021     -743.958     408.04    7242.33    1172.68   800
    21       286135200.00      79652477467.7     156944871502.0      -8146847081.8   -23468.281    11443.515     -482.771     770.55    8012.88    1142.37  1356
    22       293738400.00    -107482607067.5     121112760362.1      -3313437061.7   -19149.776   -20936.907     1236.828     428.78    8441.67    1125.84  1245
    23       301039200.00    -116990459888.5     -81962029956.4       4911672208.6    19373.401   -25358.558      737.821     176.52    8618.19    1119.10  1329
    24       304711200.00     -17583345682.1    -140591226580.2       4627914139.8    31756.332    -4971.916     -507.831     462.77    9080.96    1101.64   666
    25       309152160.00     112299284337.9    -102606846589.7        333909497.6    22742.558    19997.146    -1150.603     226.98    9307.93    1093.17   926
    26       314690400.00     165591440856.1      40312058660.4      -6491694158.3    -3569.158    26865.362     -870.966     299.55    9607.49    1082.10   735
    27       326052000.00     -54057215208.9     169109125759.1      -5925238424.6   -24145.011    -9691.020     1114.850     232.17    9839.66    1073.59  1083
    28       334787040.00    -150705095531.1     -32202190283.7       4750454717.5     8812.736   -28932.821     1023.554     267.84   10107.50    1063.86   234
    29       338268960.00     -87955273924.6    -118615704093.1       7958824860.4    25883.186   -18323.705      423.500     451.41   10558.91    1047.66   815
    30       348308640.00     169554218226.7     -47233755516.5      -1298090540.7    11278.832    24860.124    -1511.804     450.18   11009.08    1031.75   987
    31       350710560.00     183618716682.3      15472233568.6      -3019784619.8     1041.067    26268.206     -651.363    1028.63   12037.71     996.30   132
    32       353147040.00     175630510213.4      78259335265.1      -3869163277.7    -7545.186    24410.766     -262.997     498.72   12536.43     979.56   833
    33       361035360.00      40727077485.1     197841444217.1      -1746237372.2   -23315.202     4172.916      444.835     586.50   13122.93     960.22   222
    34       362737440.00        479457691.9     200064431786.7      -1059624453.6   -23839.997    -1484.446      421.423     137.52   13260.45     955.74   939
    35       368284320.00    -117073615231.8     141478623094.7       3265214514.7   -16766.873   -19552.354      675.244     676.89   13937.34     934.01  1293
    36       376241760.00    -126527364979.5     -73009608077.7       3485675627.1    18988.875   -26138.961     -530.215     276.43   14213.77     925.27   709
    37       381780000.00      33606700621.7    -139145552587.0      -3312806328.0    32258.222     5288.198    -1089.309     579.97   14793.74     907.21  1238
    38       385668000.00     136362601758.7     -79146657214.1      -5681263113.3    18730.132    23208.502     -235.527     188.88   14982.62     901.40  1379
    39       392234400.00     161487396981.0      89320978600.0      -3295663892.9    -9574.705    23318.719      731.954     201.85   15184.47     895.24   248
    40       399492000.00      30176578274.5     183068949203.2        213615495.3   -23978.317     1089.939      560.908    1165.53   16350.00     860.47  1118
    41       406464480.00    -122335721327.8      94027933526.1        711194476.1   -13413.634   -26664.957        8.239     732.12   17082.11     839.32   475
    42       413307360.00     -75605537318.0    -108699841310.3      -1347684745.8    27848.756   -20451.699     -151.687     465.78   17547.89     826.13   651
    43       418586400.00      83161245466.7    -120796107563.0        951835211.2    26574.893    14274.856      420.878    1492.97   19040.86     785.26   970
    44       423260640.00     158018976806.0     -15078913948.8       2926292001.8     4320.147    27303.013      224.447     243.08   19283.95     778.80   743
    45       428245920.00     118619120450.3     110294096249.0       4462509712.7   -18929.279    19552.212      -19.910     422.51   19706.45     767.69  1100
    46       434950560.00     -55324480643.9     139629557370.1       1932506406.3   -26381.606   -13334.798     -757.309     154.60   19861.05     763.67   555
    47       439158240.00    -130539088384.4      35634601574.0       1930576680.1    -6188.640   -32375.441     -213.295    1599.17   21460.23     723.27  1385
    48       443115360.00     -98660336934.3     -88666924368.5       2848672595.9    21492.739   -25751.483      -78.842     725.78   22186.01     705.64  1173
    49       452584800.00     147606988401.7     -66846831457.4      -1596492632.0    13759.875    23811.691     -550.214    3981.44   26167.45     616.33   366
Total DV: 26167.447   Mass: 616.325
 Stage              Epoch               X(m)               Y(m)               Z(m)      VX(m/s)      VY(m/s)      VZ(m/s)    DV(m/s)   TOTAL_DV   MASS(kg)    ID
     0       142853760.00      50979673831.1    -143280741513.6          2144020.0    27580.303     9873.562       -0.186       0.00       0.00    1500.00    -3
     1       147627360.00     144318270036.4     -52314783194.9        301908514.8     9039.447    26882.050       44.164       0.00       0.00    1500.00  1057
     2       153658080.00      96155296789.2     106300714699.3       1255123702.9   -24027.269    18771.640       24.864     246.81     246.81    1487.47  1125
     3       159317280.00     -73014832145.7     117542032440.9       1151800357.8   -27576.589   -16481.281     -211.274     638.55     885.36    1455.53  1328
     4       168562080.00     -91208587605.3    -123518531617.7      -1310437626.3    22197.032   -18442.654     -174.320     164.72    1050.08    1447.40  1181
     5       178117920.00     137610343677.3     -74220748458.7        724245208.1    12383.280    25565.903      220.208     276.51    1326.60    1433.86   937
     6       181133280.00     151841401109.8      11298288721.1        940447214.7    -3620.717    29332.668       22.458     384.14    1710.73    1415.26  1077
     7       189972000.00     -47075761362.3     139501626735.1       -315365052.7   -29294.902    -9185.161     -180.276     167.89    1878.62    1407.21  1289
     8       199061280.00    -132286609194.6     -75797921131.2        -84592382.3    14596.138   -25047.403       66.584     795.52    2674.14    1369.67  1000
     9       202456800.00     -58109642419.6    -139150649612.9         14862118.8    27436.124   -10725.028       30.541     156.72    2830.86    1362.39   601
    10       207061920.00      75648076068.3    -128429091313.9       1867077325.9    26084.775    15367.548      280.308     644.57    3475.42    1332.87  1376
    11       215745120.00     118195322552.1      95377993025.2        696066166.0   -18256.088    23103.525     -391.382     337.40    3812.82    1317.67  1253
    12       221464800.00     -32855661143.8     151470034322.5      -1586576812.1   -28758.479    -5530.116     -307.718     433.97    4246.79    1298.38   954
    13       230009760.00    -155839197414.0     -31989338266.4       -581718666.9     5739.370   -27914.334      290.612     212.56    4459.35    1289.03  1090
    14       235332000.00     -62175215743.8    -144323155771.4        871325829.0    26750.836   -10812.357      236.596      28.25    4487.60    1287.79  1022
    15       245397600.00     153656256022.7      -8454420141.2        760431550.5     1891.782    29627.693     -227.903     230.34    4717.93    1277.75   752
    16       248680800.00     132089481510.9      82373824723.1      -1024634808.8   -14964.074    24560.721     -518.484     830.88    5548.82    1242.17   151
    17       253398240.00      21525787383.1     154867258095.4      -2084542887.2   -28653.200     3955.158      -73.603     340.15    5888.96    1227.89   958
    18       264016800.00    -144294189089.9     -43799146906.1        331899400.3     9369.262   -28298.332      405.700     209.24    6098.20    1219.19  1337
    19       270781920.00      14694549866.8    -151329551970.8       4306435650.5    30087.011     1721.129      137.276     736.09    6834.29    1189.06  1365
    20       277426080.00     160517289815.1     -39195287487.6       1349023100.6     8781.741    26739.021     -743.958     408.04    7242.33    1172.68   800
    21       286135200.00      79652477467.7     156944871502.0      -8146847081.8   -23468.281    11443.515     -482.771     770.55    8012.88    1142.37  1356
    22       293738400.00    -107482607067.5     121112760362.1      -3313437061.7   -19149.776   -20936.907     1236.828     428.78    8441.67    1125.84  1245
    23       301039200.00    -116990459888.5     -81962029956.4       4911672208.6    19373.401   -25358.558      737.821     176.52    8618.19    1119.10  1329
    24       304711200.00     -17583345682.1    -140591226580.2       4627914139.8    31756.332    -4971.916     -507.831     462.77    9080.96    1101.64   666
    25       309152160.00     112299284337.9    -102606846589.7        333909497.6    22742.558    19997.146    -1150.603     226.98    9307.93    1093.17   926
    26       314690400.00     165591440856.1      40312058660.4      -6491694158.3    -3569.158    26865.362     -870.966     299.55    9607.49    1082.10   735
    27       326052000.00     -54057215208.9     169109125759.1      -5925238424.6   -24145.011    -9691.020     1114.850     232.17    9839.66    1073.59  1083
    28       334787040.00    -150705095531.1     -32202190283.7       4750454717.5     8812.736   -28932.821     1023.554     267.84   10107.50    1063.86   234
    29       338268960.00     -87955273924.6    -118615704093.1       7958824860.4    25883.186   -18323.705      423.500     451.41   10558.91    1047.66   815
    30       348308640.00     169554218226.7     -47233755516.5      -1298090540.7    11278.832    24860.124    -1511.804     450.18   11009.08    1031.75   987
    31       350710560.00     183618716682.3      15472233568.6      -3019784619.8     1041.067    26268.206     -651.363    1028.63   12037.71     996.30   132
    32       353147040.00     175630510213.4      78259335265.1      -3869163277.7    -7545.186    24410.766     -262.997     498.72   12536.43     979.56   833
    33       361035360.00      40727077485.1     197841444217.1      -1746237372.2   -23315.202     4172.916      444.835     586.50   13122.93     960.22   222
    34       362737440.00        479457691.9     200064431786.7      -1059624453.6   -23839.997    -1484.446      421.423     137.52   13260.45     955.74   939
    35       368284320.00    -117073615231.8     141478623094.7       3265214514.7   -16766.873   -19552.354      675.244     676.89   13937.34     934.01  1293
    36       376241760.00    -126527364979.5     -73009608077.7       3485675627.1    18988.875   -26138.961     -530.215     276.43   14213.77     925.27   709
    37       381780000.00      33606700621.7    -139145552587.0      -3312806328.0    32258.222     5288.198    -1089.309     579.97   14793.74     907.21  1238
    38       385668000.00     136362601758.7     -79146657214.1      -5681263113.3    18730.132    23208.502     -235.527     188.88   14982.62     901.40  1379
    39       392234400.00     161487396981.0      89320978600.0      -3295663892.9    -9574.705    23318.719      731.954     201.85   15184.47     895.24   248
    40       399492000.00      30176578274.5     183068949203.2        213615495.3   -23978.317     1089.939      560.908    1165.53   16350.00     860.47  1118
    41       406464480.00    -122335721327.8      94027933526.1        711194476.1   -13413.634   -26664.957        8.239     732.12   17082.11     839.32   475
    42       413307360.00     -75605537318.0    -108699841310.3      -1347684745.8    27848.756   -20451.699     -151.687     465.78   17547.89     826.13   651
    43       418586400.00      83161245466.7    -120796107563.0        951835211.2    26574.893    14274.856      420.878    1492.97   19040.86     785.26   970
    44       423260640.00     158018976806.0     -15078913948.8       2926292001.8     4320.147    27303.013      224.447     243.08   19283.95     778.80   743
    45       428245920.00     118619120450.3     110294096249.0       4462509712.7   -18929.279    19552.212      -19.910     422.51   19706.45     767.69  1100
    46       434950560.00     -55324480643.9     139629557370.1       1932506406.3   -26381.606   -13334.798     -757.309     154.60   19861.05     763.67   555
    47       439158240.00    -130539088384.4      35634601574.0       1930576680.1    -6188.640   -32375.441     -213.295    1599.17   21460.23     723.27  1385
    48       443115360.00     -98660336934.3     -88666924368.5       2848672595.9    21492.739   -25751.483      -78.842     725.78   22186.01     705.64  1173
    49       452584800.00     147606988401.7     -66846831457.4      -1596492632.0    13759.875    23811.691     -550.214    3981.44   26167.45     616.33   366
